0.000000 0.000000
0.020000 0.125331
0.040000 0.073417
0.060000 0.107000
0.080000 0.094339
0.100000 0.104226
0.120000 0.101769
0.140000 0.105153
0.160000 0.105177
0.180000 0.106662
0.200000 0.107191
0.220000 0.108050
0.240000 0.108610
0.260000 0.109217
0.280000 0.109711
0.300000 0.110188
0.320000 0.110610
0.340000 0.111005
0.360000 0.111367
0.380000 0.111704
0.400000 0.112016
0.420000 0.112309
0.440000 0.112582
0.460000 0.112839
0.480000 0.113081
0.500000 0.113310
0.520000 0.113526
0.540000 0.113730
0.560000 0.113925
0.580000 0.114110
0.600000 0.114286
0.620000 0.114454
0.640000 0.114615
0.660000 0.114768
0.680000 0.114916
0.700000 0.115057
0.720000 0.115193
0.740000 0.115323
0.760000 0.115448
0.780000 0.115569
0.800000 0.115686
0.820000 0.115798
0.840000 0.115907
0.860000 0.116012
0.880000 0.116113
0.900000 0.116212
0.920000 0.116307
0.940000 0.116399
0.960000 0.116489
0.980000 0.116575
1.000000 0.116660
1.020000 0.116742
1.040000 0.116821
1.060000 0.116899
1.080000 0.116974
1.100000 0.117048
1.120000 0.117119
1.140000 0.117189
1.160000 0.117257
1.180000 0.117323
1.200000 0.117388
1.220000 0.117451
1.240000 0.117512
1.260000 0.117573
1.280000 0.117632
1.300000 0.117689
1.320000 0.117745
1.340000 0.117800
1.360000 0.117854
1.380000 0.117907
1.400000 0.117958
1.420000 0.118009
1.440000 0.118058
1.460000 0.118107
1.480000 0.118155
1.500000 0.118201
1.520000 0.118247
1.540000 0.118292
1.560000 0.118336
1.580000 0.118379
1.600000 0.118421
1.620000 0.118463
1.640000 0.118504
1.660000 0.118544
1.680000 0.118584
1.700000 0.118622
1.720000 0.118661
1.740000 0.118698
1.760000 0.118735
1.780000 0.118771
1.800000 0.118807
1.820000 0.118842
1.840000 0.118877
1.860000 0.118910
1.880000 0.118944
1.900000 0.118977
1.920000 0.119009
1.940000 0.119041
1.960000 0.119073
1.980000 0.119104
2.000000 0.119134
